6

5
9 9 9
3 3 3
10 10 10
1 1 1
8 8 8

10
10 10 10
9 9 9
11 11 11
14 14 14
1 1 1
10 10 10
14 14 14
13 13 13
10 10 10
13 13 13

25
16 28 45
31 20 20
22 2 46
9 7 27
27 31 28
25 26 33
48 37 9
33 9 4
37 28 25
41 18 5
17 36 28
42 25 37
31 49 50
22 43 45
24 21 37
49 26 12
31 44 23
13 47 9
32 8 24
10 16 4
13 31 23
35 18 37
29 19 48
44 1 48
11 31 48

50
16 33 4
65 56 71
19 1 60
2 88 11
3 22 46
55 65 66
59 67 49
8 59 59
72 96 49
26 35 25
75 96 58
85 4 79
69 95 50
50 64 13
57 34 52
9 47 13
29 22 40
66 81 80
24 59 56
74 83 2
69 59 18
8 7 86
95 87 69
34 77 29
96 9 54
87 68 73
19 67 44
63 79 70
87 80 41
92 55 43
28 45 44
17 50 2
87 25 73
59 57 20
66 26 10
1 33 49
44 19 97
76 54 8
92 61 83
40 25 47
99 46 95
1 100 31
52 59 63
28 53 22
99 75 8
18 53 14
55 60 100
72 80 30
30 25 87
18 70 66

75
95 12 62
27 76 7
34 49 63
80 4 80
6 93 46
79 42 83
58 88 25
15 9 32
40 29 48
56 55 49
56 14 68
91 30 4
28 84 76
70 34 7
73 77 27
6 19 40
27 95 36
75 21 45
65 7 100
92 94 29
80 92 24
20 47 46
9 79 14
95 76 24
82 52 19
17 87 39
89 98 46
8 68 97
59 19 41
16 85 37
24 87 88
57 77 34
68 32 13
26 6 9
67 26 43
37 32 86
41 40 85
7 44 35
65 34 64
79 65 63
79 48 48
72 98 16
64 61 90
19 57 67
25 87 14
12 100 90
90 5 3
77 60 38
82 39 93
51 93 74
39 25 99
98 81 37
34 50 82
28 6 22
24 38 24
69 99 53
88 89 45
3 79 52
85 7 64
26 47 79
41 69 24
70 32 74
8 20 52
42 63 53
46 91 69
35 42 75
1 37 65
14 5 27
54 54 94
28 99 85
40 65 13
79 25 41
18 70 9
94 39 18
66 70 34

100
70 70 75
89 25 77
35 81 15
68 15 14
64 44 80
27 64 36
82 64 6
38 1 100
98 20 84
29 83 24
4 34 27
6 1 56
14 71 58
34 53 12
64 14 70
77 36 30
21 88 77
7 35 43
2 96 32
27 39 78
27 86 68
70 86 46
13 34 22
80 14 98
51 73 12
7 9 59
55 15 62
74 27 97
4 27 61
38 45 51
19 66 46
55 73 62
99 89 55
67 85 32
37 93 65
82 88 97
6 61 18
82 13 68
1 1 96
25 80 17
79 13 35
80 78 88
91 100 90
28 94 83
17 67 12
22 97 39
74 32 41
100 31 16
9 7 85
39 68 64
98 70 53
53 91 60
46 17 44
77 7 59
8 87 38
60 83 43
59 6 83
61 63 20
49 74 62
70 76 94
86 33 7
69 76 60
68 78 82
54 79 30
87 81 72
97 78 57
32 39 98
3 91 5
1 99 55
72 55 57
60 81 76
51 71 85
8 76 87
15 56 52
14 30 70
24 52 89
20 15 21
99 86 14
13 24 61
21 41 71
58 12 95
65 43 62
34 85 12
79 68 5
55 50 71
53 34 33
5 19 33
31 57 64
37 13 13
52 31 55
26 37 29
87 58 29
62 47 59
76 85 11
60 78 91
39 29 4
89 66 91
51 12 21
36 18 98
47 15 70
